Test Accuracy: 90.98%

              precision    recall  f1-score   support

         yes       0.97      0.98      0.97       419
          no       0.82      0.92      0.87       405
          up       0.94      0.93      0.94       425
        down       0.86      0.89      0.88       406
        left       0.89      0.95      0.92       412
       right       0.96      0.91      0.94       396
          on       0.88      0.90      0.89       396
         off       0.94      0.91      0.92       402
        stop       0.96      0.96      0.96       411
          go       0.87      0.81      0.84       402
     forward       0.92      0.74      0.82       155
    backward       0.96      0.92      0.94       165
      follow       0.87      0.74      0.80       172
       learn       0.76      0.73      0.74       161
         bed       0.79      0.88      0.83       207
        bird       0.94      0.83      0.88       185
         cat       0.88      0.91      0.89       194
         dog       0.83      0.88      0.85       220
       happy       0.90      0.96      0.93       203
       house       0.91      0.94      0.92       191
      marvin       0.89      0.91      0.90       195
      sheila       0.95      0.95      0.95       212
        tree       0.93      0.83      0.88       193
         wow       0.96      0.85      0.90       206
        zero       0.91      0.96      0.94       418
         one       0.94      0.92      0.93       399
         two       0.91      0.90      0.90       424
       three       0.92      0.92      0.92       405
        four       0.86      0.91      0.88       400
        five       0.95      0.91      0.93       445
         six       0.98      0.98      0.98       394
       seven       0.94      0.96      0.95       406
       eight       0.96      0.91      0.94       408
        nine       0.88      0.91      0.90       408
      visual       0.92      0.93      0.92       165

    accuracy                           0.91     11005
   macro avg       0.91      0.90      0.90     11005
weighted avg       0.91      0.91      0.91     11005
